
Ad = [ 0.97824412,  0. ,  0. ,  0.,  0.,0., 0.20690507, 0., 0.,  0.,  0., 0.  ],
     [ 0.,  0.87107049,  0., 0., 0. , 0. , 0. , 0.48785252, 0. , 0. , 0. ,  0.],
     [ 0.,  0.  , 0.29528292,  0., 0. ,0. , 0. , 0. , 0.93580697, 0. , 0. , 0.],
     [ 0.,  0.,  0., -0.03455731,  0.,0.,  0.,  0.  ,  0.,  0.96831086,0. , 0.],
     [ 0., 0.,  0.,  0., -0.26493115,0.  ,  0.,  0.  ,  0.,  0.,0.92303315, 0.],
     [ 0. , 0.,  0.,  0., 0. ,-0.93522945, 0.,  0.,  0.,  0. , 0., -0.11295011],
     [-0.20690507,  0.,  0., 0., 0. , 0.,  0.97038173,  0. , 0.,  0., 0. ,  0.],
     [ 0., -0.48785252,  0. , 0. , 0. , 0.,  0.,  0.85253209, 0.,  0., 0. , 0.],
     [ 0.,  0., -0.93580697,  0.,  0., 0.,  0.,  0.,  0.25972225,  0., 0.,  0.],
     [-0., -0., -0., -0.96831086, -0.,-0., -0., -0., -0., -0.07135312,-0., -0.],
     [-0., -0., -0., -0., -0.92303315,-0., -0., -0., -0., -0.,-0.30000641, -0.],
     [-0., -0., -0., -0., -0., 0.11295011, -0., -0., -0., -0.,-0., -0.93093735]


Control Matrix
*---------------------

Bd = [-6.13835850e-09, -6.12692185e-09, -3.32494419e-09, -3.30259075e-09],
     [ 4.17155532e-08, -4.17117989e-08, -7.50864940e-11,  6.83287095e-10],
     [ 2.12151194e-07,  2.12244592e-07, -9.68868652e-08, -9.87273585e-08],
     [-5.71740717e-08, -5.86377076e-08, -2.38047647e-07, -2.19262199e-07],
     [-3.88436018e-07,  3.88561282e-07, -1.64197036e-09,  1.00166963e-07],
     [ 4.19948063e-07,  4.19734529e-07,  6.17120409e-07,  5.09863849e-07],
     [-5.83776771e-08, -5.82689111e-08, -3.16212418e-08, -3.14086537e-08],
     [ 1.57846234e-07, -1.57832028e-07, -2.84117538e-10,  2.58546960e-09],
     [ 2.81719529e-07,  2.81843554e-07, -1.28657876e-07, -1.31101902e-07],
     [-5.35130089e-08, -5.48829229e-08, -2.22804595e-07, -2.05222047e-07],
     [-2.83445722e-07,  2.83537128e-07, -1.19816250e-09,  7.30928537e-08],
     [-2.45103643e-08, -2.44979013e-08, -3.60183732e-08, -2.97583196e-08]

Excitation vector
*---------------------

Bd_F= [ 2.07209123e-05],
      [-3.39686518e-05],
      [-3.29136290e-04],
      [-3.14474290e-04],
      [ 2.59029155e-04],
      [ 3.81459234e-04],
      [ 1.97062249e-04],
      [-1.28532965e-04],
      [-4.37066222e-04],
      [-2.94337362e-04],
      [ 1.89016215e-04],
      [-2.22639550e-05]